# Natural Linewdiths for K and L lines from table 1 in
# Krause and Oliver, J. Phys. Chem. Ref. Data 8,329 (1979)
#
# Z  Symbol   K   L1   L2   L3   Ka1   Ka2   KL1L1   KL1L2   KL2L3
 10   Ne   0.24   0.1   0   0   0.24   0.24   0.4   0.3   0.24
 11   Na   0.3   0.2   0   0   0.3   0.3   0.7   0.5   0.3
 12   Mg   0.36   0.41   0.001   0.001   0.36   0.36   1.19   0.77   0.36
 13   Al   0.42   0.73   0.004   0.004   0.43   0.43   1.89   1.16   0.43
 14   Si   0.48   1.03   0.015   0.014   0.49   0.49   2.54   1.52   0.51
 15    P   0.53   1.26   0.032   0.033   0.57   0.56   3.04   1.82   0.6
 16   Si   0.59   1.49   0.054   0.054   0.65   0.64   3.56   2.13   0.7
 17   Cl   0.64   1.58   0.083   0.087   0.72   0.72   3.8   2.3   0.81
 18   Ar   0.68   1.63   0.126   0.128   0.81   0.8   3.93   2.43   0.93
 19    K   0.74   1.92   0.152   0.156   0.89   0.89   4.57   2.81   1.05
 20   Ca   0.81   2.07   0.17   0.17   0.98   0.98   4.94   3.04   1.15
 21   Sc   0.86   2.21   0.19   0.19   1.05   1.06   5.27   3.26   1.25
 22   Ti   0.94   2.34   0.24   0.22   1.16   1.18   5.62   3.52   1.4
 23    V   1.01   2.41   0.26   0.24   1.26   1.28   5.84   3.69   1.52
 24   Cr   1.08   2.54   0.29   0.27   1.35   1.37   6.15   3.9   1.64
 25   Mn   1.16   2.62   0.34   0.32   1.48   1.5   6.4   4.12   1.82
 26   Fe   1.25   2.76   0.37   0.36   1.61   1.62   6.77   4.38   1.99
 27   Co   1.33   2.79   0.43   0.43   1.76   1.76   6.91   4.56   2.19
 28   Ni   1.44   2.89   0.52   0.48   1.94   1.96   7.22   4.85   2.44
 29   Cu   1.55   3.06   0.62   0.56   2.11   2.17   7.67   5.23   2.73
 30   Zn   1.67   3.28   0.72   0.65   2.32   2.39   8.22   5.66   3.04
 31   Ga   1.82   3.38   0.83   0.76   2.59   2.66   8.59   6.04   3.42
 32   Ge   1.96   3.53   0.95   0.82   2.78   2.92   9.02   6.45   3.73
 33   As   2.14   3.79   1.03   0.94   3.08   3.17   9.71   6.96   4.11
 34   Se   2.33   3.94   1.13   1   3.33   3.46   10.2   7.4   4.46
 35   Br   2.52   4.11   1.21   1.08   3.6   3.73   10.8   7.84   4.81
 36   Kr   2.75   4.28   1.31   1.17   3.92   4.06   11.3   8.34   5.23
 37   Rb   2.99   4.44   1.43   1.27   4.26   4.92   11.9   8.85   5.69
 38   Sr   3.25   4.67   1.54   1.39   4.63   4.79   12.6   9.45   6.17
 39    Y   3.52   4.71   1.65   1.5   5.02   5.18   13   9.89   6.68
 40   Zr   3.84   4.78   1.78   1.57   5.4   5.62   13.4   10.4   7.18
 41   Nb   4.14   3.94   1.87   1.66   5.8   6.01   12   9.9   7.67
 42   Mo   4.52   4.25   1.97   1.78   6.31   6.49   13   10.7   8.28
 43   Tc   4.91   4.36   2.08   1.91   6.82   6.99   13.6   11.4   8.9
 44   Ru   5.33   4.58   2.23   2   7.33   7.56   14.5   12.1   9.55
 45   Rh   5.77   4.73   2.35   2.13   7.9   8.12   15.2   12.9   10.2
 46   Pd   6.24   4.93   2.43   2.25   8.49   8.67   16.1   13.6   10.9
 47   Ag   6.75   4.88   2.57   2.4   9.16   9.32   16.5   14.2   11.7
 48   Cd   7.28   4.87   2.62   2.5   9.79   9.91   17   14.8   12.4
 49   In   7.91   5   2.72   2.65   10.56   10.63   17.9   15.6   13.3
 50   Sn   8.49   2.97   2.84   2.75   11.2   11.3   14.4   14.3   14.1
 51   Sb   9.16   3.13   3   2.87   12   12.2   15.4   15.3   15
 52   Te   9.89   3.32   3.12   2.95   12.8   13   16.5   16.3   16
 53    I   10.6   3.46   3.25   3.08   13.7   13.8   17.5   17.3   16.9
 54   Xe   11.4   3.64   3.4   3.13   14.6   14.8   18.7   18.5   18
 55   Cs   12.3   3.78   3.51   3.25   15.6   15.8   19.9   19.6   19.1
 56   Ba   13.2   3.92   3.57   3.32   16.5   16.8   21.1   20.7   20.1
 57   La   14.1   4.06   3.68   3.41   17.6   17.8   22.3   21.9   21.2
 58   Ce   15.1   4.21   3.8   3.48   18.6   18.9   23.6   23.2   22.5
 59   Pr   16.2   4.34   3.89   3.6   19.8   20.1   24.9   24.4   23.7
 60   Nd   17.3   4.52   3.97   3.65   20.9   21.3   26.3   25.8   24.9
 61   Pm   18.5   4.67   4.06   3.75   22.2   22.5   27.8   27.2   26.3
 62   Sm   19.7   4.8   4.15   3.86   23.6   23.8   29.3   28.6   27.7
 63   Eu   21   4.91   4.23   3.91   24.9   25.2   30.8   30.1   29.1
 64   Gd   22.3   5.05   4.32   4.01   26.4   26.7   32.4   31.7   30.7
 65   Tb   23.8   5.19   4.43   4.12   27.9   28.2   34.1   33.4   32.3
 66   Dy   25.2   5.25   4.55   4.17   29.4   29.8   35.7   35   34
 67   Ho   26.8   5.33   4.66   4.26   31.1   31.5   37.5   36.8   35.7
 68   Er   28.4   5.43   4.73   4.35   32.7   33.1   39.2   38.5   37.5
 69   Tm   30.1   5.47   4.79   4.48   34.6   34.9   41   40.3   39.3
 70   Yb   31.9   5.53   4.82   4.6   36.5   36.7   42.9   42.2   41.3
 71   Lu   33.7   5.54   4.92   4.68   38.4   38.7   44.8   44.2   43.4
 72   Hf   35.7   5.63   5.02   4.8   40.5   40.7   47   46.3   45.5
 73   Ta   37.7   5.58   5.15   4.88   42.6   42.9   48.9   48.5   47.8
 74    W   39.9   5.61   5.33   4.98   44.9   45.2   51.1   50.8   50.2
 75   Re   42.1   6.18   5.48   5.04   47.2   47.6   54.5   53.8   52.6
 76   0s   44.4   7.25   5.59   5.16   49.6   50   58.9   57.2   55.1
 77   Ir   46.8   8.3   5.69   5.25   52.1   52.5   63.4   60.8   57.7
 78   Pt   49.3   9.39   5.86   5.31   54.6   55.2   68.1   64.6   60.5
 79   Au   52   10.5   6   5.41   57.4   58   72.9   68.4   63.4
 80   Hg   54.6   11.3   6.17   5.5   60.1   60.8   77.3   72.1   66.3
 81   Tl   57.4   12   6.32   5.65   63.1   63.8   81.4   75.7   69.4
 82   Pb   60.4   12.2   6.48   5.81   66.2   66.8   84.8   79.1   72.7
 83   Bi   63.4   12.4   6.67   5.98   69.4   70.1   88.2   82.5   76.1
 84   Po   66.6   12.6   6.83   6.13   72.7   73.4   91.9   86.1   79.6
 85   At   69.8   12.8   7.01   6.29   76.1   76.8   95.5   89.7   83.1
 86   Rn   73.3   13.1   7.2   6.41   79.7   80.5   99.4   93.5   86.9
 87   Fr   76.8   13.3   7.47   6.65   83.4   84.2   103   97.5   90.9
 88   Ra   80.4   13.4   7.68   6.82   87.2   88.1   107   101   94.9
 89   Ac   84.1   13.6   7.95   6.98   91.1   92   111   106   99
 90   Th   88   13.7   8.18   7.13   95.2   96.2   115   110   103
 91   Pa   91.9   14.3   8.75   7.33   99.3   100.7   121   115   108
 92    U   96.1   14   9.32   7.43   103.5   105.4   124   119   113
 93   Np   100   14   9.91   7.59   108   110   128   124   118
 94   Pu   105   13.5   10.5   7.82   113   115   132   129   123
 95   Am   109   13.3   10.9   8.04   117   120   136   133   128
 96   Cm   114   13.6   11.4   8.26   122   125   141   139   133
 97   Bk   119   13.8   11.8   8.55   127   130   146   144   138
 98   Cf   124   14   12.2   8.75   132   136   151   150   144
 99   Es   129   14.3   12.7   9.04   138   141   157   155   150
100   Fm   135   14.4   13.1   9.33   144   148   164   162   157
101   Md   140   14.8   13.6   9.61   150   153   170   168   163
102   No   145   15.1   14   9.9   155   159   176   175   169
103   Lr   150   15.9   14.4   10.1   161   165   182   181   175
104   Rf   156   16.2   14.9   10.5   167   171   189   188   182
105   Db   162   16.5   15.5   10.8   173   177   195   194   188
106   Sg   168   16.8   15.9   11.2   179   184   201   200   195
107   Bh   174   17   16.4   11.6   185   190   208   207   202
108   Hs   181   17.2   17   12   193   198   215   215   210
109   Mt   187   17.6   17.5   12.3   200   205   222   222   217
110   Ds   193   18.1   18.1   12.7   206   211   229   229   224
